Descriptive Statistics
Count: 3000
Mean: 1.8790659927977473e+20
Median: 1.88008049965543e+20
Mode: 9.6231693617084e+17
Standard Deviation: 1.0738205017381e+20
Variance: 1.1530904699530647e+40

Elapsed Time: 0.07235 seconds