Descriptive Statistics
Count: 400
Mean: 242.32
Median: 239.5
Mode: 170.0
Standard Deviation: 145.25810683056557
Variance: 21099.917599999997

Elapsed Time: 0.00216 seconds