Descriptive Statistics
Count: 307
Mean: 241.49511400651465
Median: 241.0
Mode: 11.0
Standard Deviation: 145.46484786056646
Variance: 21160.021963097748

Elapsed Time: 0.00145 seconds